0 0.169921875 0.24089062499999997 0.15495312500000002 0.1328125
0 0.33918750000000003 0.23503124999999997 0.14714062500000002 0.12109375
0 0.510421875 0.23698437499999997 0.15625 0.1171875
0 0.677734375 0.25129687500000003 0.14192187500000006 0.13020312499999998
0 0.045578125000000004 0.271484375 0.091140625 0.14714062500000002
0 0.029953125000000004 0.580734375 0.057296875000000004 0.2734375
0 0.14909375 0.4264375 0.22785937500000003 0.13151562499999997
0 0.24348437500000003 0.65559375 0.354171875 0.3190156249999999
0 0.53190625 0.7669218749999999 0.21745312499999994 0.3515624999999999
0 0.763671875 0.8470000000000001 0.21745312500000002 0.305984375
0 0.451171875 0.458328125 0.2591093750000001 0.13801562500000003
0 0.7415312499999999 0.51171875 0.23046874999999992 0.21354687499999994
0 0.9296875 0.4655 0.1328125 0.22265625
0 0.859375 0.318359375 0.052078124999999885 0.17578125
0 0.791015625 0.26628124999999997 0.07160937499999998 0.12629687499999998
0 0.880859375 0.232421875 0.1497343749999999 0.11067187499999998
0 0.9817656250000001 0.25129687500000003 0.036453124999999885 0.12760937500000002