4 0.559375 0.44140625 0.03828125 0.11875
0 0.5953125 0.3734375 0.05625 0.1296875
8 0.8484375 0.60234375 0.2390625 0.49453125
8 0.609375 0.19375 0.0671875 0.14375
2 0.65859375 0.11015625 0.10703125 0.08359375
2 0.5828125 0.0984375 0.04921875 0.06328125
1 0.671875 0.275 0.025 0.07421875
1 0.54453125 0.2546875 0.02109375 0.071875
1 0.0921875 0.2953125 0.04296875 0.06953125
6 0.3390625 0.275 0.06015625 0.1125
3 0.4546875 0.52734375 0.09921875 0.2390625
0 0.16015625 0.1796875 0.034375 0.0671875
0 0.0953125 0.20390625 0.04140625 0.04765625