4 0.47265625 0.61484375 0.04375 0.2234375
4 0.58671875 0.47890625 0.03671875 0.1171875
3 0.6953125 0.8484375 0.14453125 0.303125
0 0.8359375 0.4171875 0.0984375 0.125
3 0.509375 0.33125 0.06796875 0.10546875
6 0.58125 0.2734375 0.04921875 0.09765625
2 0.71640625 0.26875 0.09375 0.1296875
2 0.09453125 0.215625 0.1453125 0.13203125
3 0.16015625 0.48984375 0.12734375 0.165625
3 0.215625 0.3125 0.06171875 0.10546875
6 0.521875 0.23046875 0.0390625 0.0984375
6 0.63984375 0.275 0.04921875 0.1390625
0 0.81171875 0.278125 0.0625 0.10703125