0 0.50078125 0.496875 0.04921875 0.12109375
0 0.5578125 0.378125 0.03359375 0.08984375
0 0.859375 0.3515625 0.03984375 0.084375
0 0.90078125 0.38203125 0.04609375 0.08203125
6 0.80078125 0.56640625 0.1140625 0.22890625
4 0.7 0.59375 0.0578125 0.14453125
1 0.6203125 0.6875 0.0515625 0.16171875
6 0.22890625 0.3078125 0.07109375 0.10078125
6 0.20234375 0.40859375 0.06796875 0.11875
3 0.11171875 0.69609375 0.16171875 0.1765625
3 0.1703125 0.52890625 0.1 0.1265625
2 0.0296875 0.346875 0.05390625 0.1234375